results = [
0 2 80 1.13141e-06
1 2 80 1.13365e-06
2 1 32 1.08444e-06
] ; resid = 0 ;
lnz = 5 ;
t = 3.2175e-07 ;   % dense solve time
